103 93 101 102 103 103 103 103 102 102 102 101 102 102 101 101
102 82 98 100 101 100 101 100 101 100 100 100 101 100 101 100
100 83 98 98 96 96 96 96 95 96 100 100 100 101 101 101
103 83 98 100 101 100 101 100 100 100 100 101 101 100 101 101
101 83 99 101 101 100 100 101 100 101 101 101 100 101 100 101
100 82 99 101 98 95 95 96 95 96 97 103 103 101 100 101
100 83 98 100 101 99 101 98 101 101 100 100 101 101 100 101
101 82 98 99 101 100 99 99 100 101 101 100 101 100 101 101
100 83 98 100 101 101 100 96 95 96 96 95 96 99 100 99
100 83 99 101 101 101 101 101 101 100 101 101 101 103 101 101
101 83 99 101 100 101 100 100 101 100 102 101 100 101 99 97
96 83 98 101 101 99 103 101 101 95 94 96 95 97 98 97
100 83 98 103 99 101 102 102 102 101 102 101 101 101 100 101
101 83 99 104 102 101 101 102 101 101 101 101 101 101 101 101
101 83 99 101 101 100 101 99 96 95 96 95 95 95 96 100
101 83 99 101 100 101 101 101 102 101 101 100 102 101 100 101
101 83 99 101 101 101 101 101 103 101 101 102 101 101 101 101
101 83 99 101 101 100 100 102 101 101 98 96 95 95 95 95
96 83 99 99 101 101 103 101 101 100 100 100 101 101 101 101
99 83 98 101 102 101 101 101 101 103 101 101 100 101 101 101
101 78 94 96 101 102 102 103 102 99 101 99 101 101 101 101
100 82 97 100 100 101 101 101 100 101 101 100 101 100 101 101
100 83 98 100 100 100 101 101 101 100 101 101 101 100 101 100
102 83 99 101 101 100 101 100 103 101 101 100 101 98 95 96
94 82 98 100 101 100 100 101 101 101 100 100 101 100 100 100
100 83 98 99 100 101 100 101 103 98 101 100 100 101 100 100
99 83 99 100 101 101 101 99 101 101 100 101 98 96 95 96
95 82 98 100 100 100 100 101 103 100 100 99 101 100 101 100
100 82 98 99 99 100 100 100 100 100 100 100 100 100 100 100
100 81 97 98 99 100 101 98 99 98 100 96 95 95 95 96
95 83 99 100 99 100 99 99 100 100 99 100 99 99 100 99
100 81 97 99 100 100 100 100 99 100 100 99 101 97 99 100
100 82 100 100 98 100 100 101 100 100 98 96 96 95 96 96
97 79 97 99 99 98 98 99 98 99 99 97 99 97 98 98
98 80 99 100 98 99 99 99 99 98 99 99 98 99 99 99
99 82 100 100 100 100 99 100 100 100 98 95 95 95 96 94
98 82 98 98 99 100 99 99 100 100 99 99 99 100 100 100
99 82 99 99 98 99 99 100 99 99 99 99 99 99 102 101
100 80 97 99 100 99 100 99 100 99 97 96 96 95 95 95
98 81 97 99 99 99 99 99 99 99 99 100 99 99 99 99
99 81 96 99 100 99 99 96 99 97 99 98 99 98 98 99
